9133574955
9133574003
9133574571
9133574019
9133574362
9133574948
9133574338
9133574518
9133574266
9133574197
9133574864
9133574465
9133574772
9133574633
9133574092
9133574276
9133574352
9133574599
9133574644
9133574021
9133574103
9133574743
9133574306
9133574665
9133574390
9133574961
9133574378
9133574237
9133574890
9133574713
9133574849
9133574204
9133574830
9133574152
9133574768
9133574503
9133574257
9133574915
9133574290
9133574510
9133574748
9133574521
9133574337
9133574947
9133574476
9133574548
9133574141
9133574953
9133574703
9133574547
9133574225
9133574858
9133574040
9133574355
9133574206
9133574125
9133574716
9133574718
9133574796
9133574490
9133574737
9133574771
9133574055
9133574663
9133574884
9133574972
9133574966
9133574406
9133574264
9133574198
9133574353
9133574363
9133574696
9133574466
9133574402
9133574842
9133574844
9133574833
9133574861
9133574814
9133574559
9133574149
9133574586
9133574938
9133574695
9133574701
9133574341
9133574532
9133574424
9133574387
9133574562
9133574171
9133574365
9133574904
9133574712
9133574059
9133574181
9133574649
9133574979
9133574894
9133574012
9133574142
9133574313
9133574020
9133574316
9133574764
9133574159
9133574411
9133574262
9133574054
9133574422
9133574838
9133574265
9133574042
9133574099
9133574854
9133574542
9133574775
9133574892
9133574045
9133574329
9133574147
9133574552
9133574822
9133574868
9133574630
9133574873
9133574242
9133574004
9133574997
9133574002
9133574677
9133574717
9133574079
9133574394
9133574555
9133574579
9133574435
9133574297
9133574834
9133574678
9133574467
9133574112
9133574439
9133574488
9133574111
9133574241
9133574430
9133574115
9133574522
9133574431
9133574836
9133574891
9133574425
9133574596
9133574351
9133574744
9133574294
9133574349
9133574087
9133574271
9133574598
9133574324
9133574129
9133574429
9133574679
9133574963
9133574538
9133574086
9133574888
9133574606
9133574370
9133574154
9133574914
9133574942
9133574441
9133574036
9133574611
9133574174
9133574673
9133574118
9133574831
9133574046
9133574800
9133574525
9133574667
9133574934
9133574513
9133574287
9133574157
9133574759
9133574973
9133574102
9133574487
9133574587
9133574984
9133574183
9133574161
9133574516
9133574783
9133574153
9133574848
9133574067
9133574482
9133574033
9133574803
9133574065
9133574582
9133574933
9133574898
9133574404
9133574994
9133574372
9133574693
9133574839
9133574178
9133574493
9133574421
9133574859
9133574459
9133574504
9133574621
9133574540
9133574921
9133574604
9133574088
9133574192
9133574686
9133574651
9133574658
9133574017
9133574937
9133574994
9133574916
9133574574
9133574866
9133574397
9133574519
9133574448
9133574275
9133574751
9133574493
9133574687
9133574980
9133574192
9133574275
9133574192
9133574321
9133574415
9133574568
9133574010
9133574081
9133574759
9133574986
9133574967
9133574590
9133574668
9133574191
9133574039
9133574524
9133574251
9133574447
9133574534
9133574039
9133574826
9133574530
9133574623
9133574434
9133574195
9133574096
9133574336
9133574001
9133574132
9133574418
9133574786
9133574914
9133574986
9133574855
9133574573
9133574138
9133574065
9133574789
9133574285
9133574567
9133574976
9133574348
9133574223
9133574328
9133574458
9133574566
9133574398
9133574740
9133574575
9133574186
9133574514
9133574708
9133574934
9133574091
9133574600
9133574574
9133574824
9133574133
9133574925
9133574414
9133574458
9133574727
9133574311
9133574556
9133574867
9133574944
9133574931
9133574655
9133574094
9133574011
9133574895
9133574777
9133574051
9133574097
9133574175
9133574732
9133574817
9133574681
9133574347
9133574102
9133574218
9133574249
9133574421
9133574925
9133574731
9133574231
9133574282
9133574332
9133574824
9133574708
9133574807
9133574534
9133574100
9133574899
9133574913
9133574392
9133574784
9133574578
9133574878
9133574926
9133574978
9133574782
9133574167
9133574177
9133574022
9133574789
9133574794
9133574327
9133574536
9133574624
9133574933
9133574903
9133574927
9133574619
9133574565
9133574666
9133574260
9133574812
9133574469
9133574641
9133574233
9133574801
9133574296
9133574189
9133574319
9133574398
9133574620
9133574825
9133574714
9133574940
9133574994
9133574469
9133574308
9133574077
9133574679
9133574350
9133574072
9133574195
9133574573
9133574951
9133574389
9133574556
9133574448
9133574628
9133574951
9133574075
9133574679
9133574095
9133574719
9133574605
9133574210
9133574454
9133574852
9133574937
9133574694
9133574291
9133574326
9133574887
9133574517
9133574229
9133574258
9133574924
9133574672
9133574011
9133574975
9133574911
9133574227
9133574533
9133574098
9133574832
9133574320
9133574360
9133574400
9133574263
9133574806
9133574014
9133574821
9133574932
9133574706
9133574740
9133574982
9133574096
9133574929
9133574658
9133574515
9133574615
9133574535
9133574929
9133574222
9133574452
9133574213
9133574634
9133574994
9133574084
9133574863
9133574056
9133574757
9133574058
9133574949
9133574073
9133574249
9133574082
9133574569
9133574615
9133574251
9133574279
9133574654
9133574400
9133574540
9133574835
9133574681
9133574809
9133574827
9133574173
9133574075
9133574031
9133574184
9133574056
9133574871
9133574464
9133574105
9133574495
9133574646
9133574489
9133574166
9133574084
9133574258
9133574247
9133574376
9133574416
9133574401
9133574105
9133574669
9133574804
9133574651
9133574802
9133574664
9133574615
9133574195
9133574534
9133574247
9133574428
9133574298
9133574309
9133574133
9133574132
9133574638
9133574101
9133574347
9133574236
9133574168
9133574199
9133574173
9133574088
9133574221
9133574056
9133574502
9133574172
9133574619
9133574121
9133574936
9133574022
9133574722
9133574690
9133574692
9133574417
9133574931
9133574228
9133574726
9133574659
9133574526
9133574902
9133574405
9133574111
9133574180
9133574776
9133574905
9133574011
9133574769
9133574802
9133574028
9133574998
9133574588
9133574827
9133574097
9133574742
9133574936
9133574360
9133574526
9133574497
9133574723
9133574484
9133574580
9133574993
9133574983
9133574723
9133574809
9133574580
9133574812
9133574131
9133574923
9133574009
9133574234
9133574668
9133574735
9133574379
9133574037
9133574691
9133574514
9133574661
9133574279
9133574323
9133574628
9133574375
9133574870
9133574499
9133574780
9133574779
9133574628
9133574926
9133574145
9133574989
9133574282
9133574591
9133574719
9133574310
9133574267
9133574832
9133574413
9133574109
9133574246
9133574794
9133574554
9133574449
9133574419
9133574172
9133574785
9133574088
9133574669
9133574037
9133574995
9133574902
9133574193
9133574496
9133574009
9133574018
9133574613
9133574689
9133574646
9133574190
9133574597
9133574048
9133574924
9133574163
9133574249
9133574700
9133574683
9133574582
9133574662
9133574100
9133574063
9133574105
9133574356
9133574263
9133574031
9133574327
9133574815
9133574219
9133574438
9133574790
9133574832
9133574495
9133574791
9133574041
9133574925
9133574965
9133574062
9133574185
9133574674
9133574710
9133574270
9133574813
9133574432
9133574615
9133574674
9133574863
9133574517
9133574327
9133574090
9133574377
9133574806
9133574346
9133574495
9133574589
9133574311
9133574673
9133574025
9133574116
9133574877
9133574041
9133574619
9133574268
9133574929
9133574330
9133574238
9133574277
9133574057
9133574670
9133574013
9133574212
9133574982
9133574889
9133574025
9133574661
9133574432
9133574675
9133574634
9133574130
9133574029
9133574921
9133574034
9133574182
9133574566
9133574176
9133574980
9133574746
9133574907
9133574909
9133574981
9133574189
9133574156
9133574053
9133574436
9133574288
9133574700
9133574007
9133574876
9133574277
9133574334
9133574563
9133574240
9133574038
9133574064
9133574485
9133574545
9133574224
9133574216
9133574094
9133574896
9133574512
9133574642
9133574949
9133574443
9133574296
9133574127
9133574965
9133574989
9133574957
9133574709
9133574723
9133574802
9133574763
9133574929
9133574531
9133574451
9133574763
9133574256
9133574578
9133574230
9133574648
9133574317
9133574106
9133574761
9133574985
9133574641
9133574175
9133574026
9133574082
9133574386
9133574382
9133574298
9133574856
9133574631
9133574578
9133574911
9133574699
9133574724
9133574651
9133574638
9133574469
9133574483
9133574136
9133574366
9133574189
9133574252
9133574900
9133574117
9133574246
9133574491
9133574519
9133574895
9133574921
9133574408
9133574393
9133574014
9133574195
9133574735
9133574991
9133574131
9133574629
9133574576
9133574261
9133574872
9133574761
9133574165
9133574104
9133574184
9133574860
9133574635
9133574720
9133574504
9133574397
9133574867
9133574096
9133574756
9133574260
9133574000
9133574810
9133574730
9133574080
9133574935
9133574035
9133574207
9133574350
9133574013
9133574060
9133574916
9133574636
9133574583
9133574878
9133574375
9133574347
9133574639
9133574931
9133574845
9133574202
9133574801
9133574905
9133574184
9133574615
9133574616
9133574144
9133574144
9133574451
9133574674
9133574051
9133574460
9133574389
9133574856
9133574493
9133574637
9133574259
9133574188
9133574615
9133574921
9133574813
